Experiment: 1
Survival Count = 1
Durak Count = 4
Total Reward = -10.4

State-Action Pairs and Q-Values:
((1, 1, 0, 0, 1, 0, 0, 0, 1, 5, 0, 0, -1, 0, 0, 1), -1): 0.010000000000000002
((1, 1, 0, 0, 1, 1, 0, 0, 1, 5, 0, 0, -1, 0, 0, 1), -1): 0.010000000000000002
((1, 1, 0, 0, 1, 2, 0, 0, 1, 0, 0, 0, -1, 0, 0, 1), (0, 0)): 0.010000000000000002
((0, 1, 0, 0, 1, 2, 0, 1, 0, 0, 0, 0, 0, 0, 0, 1), 5): -0.010000000000000002
((0, 1, 0, 0, 1, 1, 1, 1, 0, 0, 0, 0, 0, 0, 0, 1), 5): -0.010000000000000002
((0, 2, 0, 0, 1, 0, 1, 1, 0, 0, 0, 0, 0, 0, 0, 1), 1): 0.019000000000000003
((0, 1, 0, 0, 1, 0, 1, 1, 0, 1, 0, 0, 1, 0, 0, 1), -1): 0.0
((1, 1, 0, 0, 1, 0, 1, 0, 1, 1, 0, 0, -1, 0, 0, 1), (4, 1)): -0.010000000000000002
((1, 1, 0, 0, 0, 0, 1, 0, 1, 1, 1, 0, 4, -1, 0, 1), -1): 0.010000000000000002
((1, 3, 0, 0, 1, 0, 0, 0, 1, 5, 0, 0, -1, 0, 0, 1), -1): 0.010000000000000002
((1, 3, 0, 0, 1, 1, 0, 0, 1, 2, 0, 0, -1, 0, 0, 1), -1): 0.0
((1, 3, 1, 0, 1, 1, 0, 0, 1, 2, 0, 0, -1, 0, 0, 1), -1): 0.0
((1, 3, 2, 0, 1, 1, 0, 0, 1, 2, 0, 0, -1, 0, 0, 1), (4, 2)): -0.010000000000000002
((1, 3, 2, 0, 0, 1, 0, 1, 0, 0, 0, 0, 0, 0, 0, 1), 2): -0.010000000000000002
((1, 3, 1, 0, 0, 1, 0, 1, 0, 0, 0, 0, 0, 0, 0, 1), 5): -0.010000000000000002
((1, 3, 1, 0, 0, 0, 0, 1, 0, 0, 0, 0, 0, 0, 0, 1), 0): 0.010000000000000002
((0, 3, 1, 0, 0, 0, 0, 1, 0, 0, 0, 0, 5, 0, 0, 1), -1): 0.0
((0, 3, 1, 0, 0, 0, 0, 0, 1, 2, 0, 0, -1, 0, 0, 1), -1): 0.010000000000000002
((0, 3, 2, 0, 0, 0, 0, 0, 1, 5, 0, 0, -1, 0, 0, 1), -1): 0.010000000000000002
((0, 3, 2, 0, 0, 1, 0, 0, 1, 4, 0, 0, -1, 0, 0, 1), -1): 0.010000000000000002
((0, 3, 2, 0, 1, 1, 0, 0, 1, 1, 0, 0, -1, 0, 0, 0), -1): -0.010000000000000002
((0, 4, 2, 0, 1, 1, 0, 0, 1, 2, 0, 0, -1, 0, 0, 0), (4, 2)): -0.010000000000000002
((0, 4, 2, 0, 0, 1, 0, 1, 0, 0, 0, 0, 0, 0, 0, 0), 5): -0.010000000000000002
((0, 4, 2, 0, 0, 0, 0, 1, 0, 0, 0, 0, 0, 0, 0, 0), 2): -0.010000000000000002
((0, 4, 1, 0, 0, 0, 0, 1, 0, 0, 0, 0, 0, 0, 0, 0), 1): 0.010000000000000002
((0, 3, 1, 0, 0, 0, 0, 1, 0, 0, 0, 0, 0, 0, 0, 0), 2): -0.010000000000000002
((0, 3, 0, 0, 0, 0, 0, 1, 0, 2, 0, 0, 5, 0, 0, 0), -1): 0.0
((0, 3, 0, 0, 0, 0, 0, 0, 1, 2, 0, 0, -1, 0, 0, 0), -1): 0.010000000000000002
((0, 3, 1, 0, 0, 0, 0, 0, 1, 1, 0, 0, -1, 0, 0, 0), -1): -0.010000000000000002
((0, 4, 1, 0, 0, 0, 0, 0, 1, 1, 0, 0, -1, 0, 0, 0), -1): -0.1
((0, 2, 0, 1, 0, 0, 0, 1, 0, 0, 0, 0, 0, 0, 0, 1), 3): -0.010000000000000002
((0, 2, 0, 0, 0, 1, 1, 1, 0, 0, 0, 0, 0, 0, 0, 1), 5): -0.010000000000000002
((0, 2, 1, 0, 0, 0, 1, 1, 0, 0, 0, 0, 0, 0, 0, 1), 2): -0.010000000000000002
((1, 2, 0, 0, 0, 0, 1, 1, 0, 0, 0, 0, 0, 0, 0, 1), 1): -0.010000000000000002
((1, 1, 0, 0, 0, 0, 1, 1, 0, 1, 0, 0, 3, 0, 0, 1), 0): 0.010000000000000002
((0, 1, 2, 0, 0, 0, 1, 1, 0, 0, 0, 0, 0, 0, 0, 1), 2): -0.010000000000000002
((0, 1, 1, 0, 0, 0, 1, 1, 0, 2, 0, 0, 2, 0, 0, 1), -1): 0.0
((0, 1, 1, 0, 0, 1, 1, 0, 1, 0, 0, 0, -1, 0, 0, 1), (1, 0)): 0.010000000000000002
((1, 0, 1, 0, 0, 1, 1, 1, 0, 0, 0, 0, 0, 0, 0, 1), 0): 0.010000000000000002
((0, 0, 1, 0, 0, 1, 1, 1, 0, 0, 0, 0, 3, 0, 0, 1), -1): 0.0
((1, 0, 1, 0, 0, 1, 1, 0, 1, 3, 0, 0, -1, 0, 0, 1), (5, 3)): -0.010000000000000002
((1, 0, 1, 0, 1, 0, 1, 1, 0, 0, 0, 0, 0, 0, 0, 1), 4): -0.010000000000000002
((2, 0, 1, 0, 0, 0, 1, 1, 0, 0, 0, 0, 0, 0, 0, 1), 0): 0.019000000000000003
((1, 1, 1, 0, 0, 0, 1, 1, 0, 0, 0, 0, 0, 0, 0, 0), 2): -0.010000000000000002
((1, 1, 0, 0, 0, 0, 1, 1, 0, 2, 0, 0, 4, 0, 0, 0), 1): -0.010000000000000002
((1, 0, 0, 0, 0, 0, 1, 1, 0, 2, 1, 0, 4, 5, 0, 0), -1): 0.0
((1, 0, 0, 0, 0, 0, 1, 0, 1, 0, 0, 0, -1, 0, 0, 0), -1): 0.0
((2, 0, 0, 0, 0, 0, 1, 0, 1, 0, 0, 0, -1, 0, 0, 0), -1): 0.0
((3, 0, 0, 0, 0, 0, 0, 0, 1, 2, 0, 0, -1, 0, 0, 0), -1): 0.010000000000000002
((3, 0, 1, 0, 0, 0, 0, 0, 1, 1, 0, 0, -1, 0, 0, 0), (2, 1)): -0.010000000000000002
((3, 0, 0, 0, 0, 0, 0, 1, 0, 0, 0, 0, 0, 0, 0, 0), 0): 0.0
((2, 0, 0, 0, 0, 0, 0, 1, 0, 0, 0, 0, 1, 0, 0, 0), -1): -0.1
((0, 2, 0, 0, 0, 1, 0, 1, 0, 0, 0, 0, 0, 0, 0, 1), 1): 0.010000000000000002
((0, 1, 0, 0, 1, 1, 1, 1, 0, 0, 0, 0, 0, 0, 0, 1), 4): -0.010000000000000002
((0, 1, 0, 0, 1, 1, 1, 1, 0, 0, 0, 0, 0, 0, 0, 1), 1): 0.010000000000000002
((0, 0, 0, 0, 1, 1, 1, 1, 0, 1, 0, 0, 1, 0, 0, 1), 4): 0.010000000000000002
((0, 0, 0, 0, 0, 3, 1, 1, 0, 0, 0, 0, 0, 0, 0, 1), 5): 0.0
((0, 0, 1, 0, 0, 2, 1, 1, 0, 0, 0, 0, 0, 0, 0, 1), 5): -0.010000000000000002
((0, 0, 1, 0, 0, 1, 1, 1, 0, 5, 0, 0, 5, 0, 0, 1), -1): 0.0
((0, 0, 2, 0, 0, 1, 1, 0, 1, 1, 0, 0, -1, 0, 0, 1), (5, 1)): -0.010000000000000002
((0, 0, 2, 0, 0, 0, 1, 0, 1, 1, 1, 0, 5, -1, 0, 1), (2, 1)): 0.0
((0, 0, 3, 0, 0, 0, 1, 1, 0, 0, 0, 0, 0, 0, 0, 1), 2): 0.0
((0, 0, 2, 0, 0, 0, 1, 1, 0, 2, 0, 0, 4, 0, 0, 1), 2): 0.0
((0, 0, 1, 0, 0, 0, 1, 1, 0, 2, 2, 0, 4, 4, 0, 1), -1): 0.0
((0, 0, 2, 1, 0, 0, 0, 0, 1, 1, 0, 0, -1, 0, 0, 1), (3, 1)): -0.010000000000000002
((0, 0, 2, 0, 0, 0, 0, 0, 1, 1, 0, 0, 3, -1, 0, 1), (2, 0)): 0.0
((0, 0, 1, 0, 0, 0, 1, 1, 0, 0, 0, 0, 0, 0, 0, 0), 2): 0.1
((3, 0, 0, 0, 0, 0, 0, 0, 1, 2, 0, 0, -1, 0, 0, 1), -1): 0.010000000000000002
((3, 0, 1, 0, 0, 0, 0, 0, 1, 1, 0, 0, -1, 0, 0, 1), -1): 0.010000000000000002
((3, 1, 1, 0, 0, 0, 0, 0, 1, 2, 0, 0, -1, 0, 0, 1), -1): 0.010000000000000002
((3, 1, 2, 0, 0, 0, 0, 0, 1, 3, 0, 0, -1, 0, 0, 1), -1): 0.010000000000000002
((3, 1, 2, 1, 0, 0, 0, 0, 1, 1, 0, 0, -1, 0, 0, 1), -1): -0.010000000000000002
((3, 2, 2, 1, 0, 0, 0, 0, 1, 4, 0, 0, -1, 0, 0, 1), -1): 0.010000000000000002
((3, 2, 2, 1, 1, 0, 0, 0, 1, 1, 0, 0, -1, 0, 0, 1), (2, 1)): -0.010000000000000002
((3, 2, 1, 1, 1, 0, 0, 1, 0, 0, 0, 0, 0, 0, 0, 1), 3): -0.010000000000000002
((3, 2, 1, 0, 1, 0, 0, 1, 0, 0, 0, 0, 0, 0, 0, 1), 4): -0.010000000000000002
((3, 2, 1, 0, 0, 0, 0, 1, 0, 0, 0, 0, 0, 0, 0, 1), 0): 0.010000000000000002
((2, 2, 1, 0, 0, 0, 0, 1, 0, 0, 0, 0, 3, 0, 0, 1), 0): 0.010000000000000002
((1, 2, 1, 0, 0, 0, 0, 1, 0, 0, 0, 0, 3, 3, 0, 1), -1): 0.0
((1, 2, 1, 0, 0, 0, 0, 0, 1, 0, 0, 0, -1, 0, 0, 1), (1, 0)): 0.0
((1, 1, 1, 0, 0, 0, 0, 1, 0, 0, 0, 0, 0, 0, 0, 1), 1): 0.0
((1, 0, 1, 0, 0, 0, 0, 1, 0, 1, 0, 0, 2, 0, 0, 1), 2): -0.010000000000000002
((1, 0, 0, 0, 0, 0, 0, 1, 0, 1, 2, 0, 2, 4, 0, 1), -1): 0.0
((2, 0, 1, 0, 0, 0, 0, 0, 1, 5, 0, 0, -1, 0, 0, 0), -1): 0.010000000000000002
((2, 0, 1, 0, 0, 1, 0, 0, 1, 2, 0, 0, -1, 0, 0, 0), (5, 2)): -0.010000000000000002
((2, 0, 1, 0, 0, 0, 0, 0, 1, 2, 2, 0, 5, -1, 0, 0), -1): -0.1
((2, 0, 0, 1, 0, 0, 0, 0, 1, 1, 0, 0, -1, 0, 0, 1), -1): 0.0
((2, 1, 0, 1, 0, 0, 0, 0, 1, 1, 0, 0, -1, 0, 0, 1), (3, 1)): -0.010000000000000002
((2, 1, 0, 0, 0, 0, 0, 1, 0, 0, 0, 0, 0, 0, 0, 1), 0): 0.010000000000000002
((1, 1, 0, 0, 0, 0, 0, 1, 0, 0, 0, 0, 4, 0, 0, 1), -1): 0.0
((2, 1, 0, 0, 0, 0, 0, 0, 1, 1, 0, 0, -1, 0, 0, 1), -1): 0.010000000000000002
((2, 2, 0, 0, 0, 0, 0, 0, 1, 2, 0, 0, -1, 0, 0, 1), -1): 0.010000000000000002
((2, 2, 1, 0, 0, 0, 0, 0, 1, 4, 0, 0, -1, 0, 0, 1), -1): 0.010000000000000002
((2, 2, 1, 0, 1, 0, 0, 0, 1, 5, 0, 0, -1, 0, 0, 1), -1): 0.010000000000000002
((2, 2, 1, 0, 1, 1, 0, 0, 1, 0, 0, 0, -1, 0, 0, 1), (4, 0)): -0.010000000000000002
((2, 2, 1, 0, 0, 1, 0, 1, 0, 0, 0, 0, 0, 0, 0, 1), 0): 0.010000000000000002
((1, 2, 1, 0, 0, 1, 0, 1, 0, 0, 0, 0, 2, 0, 0, 1), -1): 0.0
((1, 2, 1, 0, 0, 1, 0, 0, 1, 2, 0, 0, -1, 0, 0, 1), (5, 2)): -0.010000000000000002
((1, 2, 1, 0, 0, 0, 0, 1, 0, 0, 0, 0, 0, 0, 0, 1), 2): -0.010000000000000002
((1, 2, 0, 0, 0, 0, 0, 1, 0, 2, 0, 0, 4, 0, 0, 1), 1): -0.010000000000000002
((1, 2, 0, 0, 0, 0, 1, 1, 0, 0, 0, 0, 0, 0, 0, 0), 1): -0.010000000000000002
((1, 1, 0, 0, 0, 0, 1, 1, 0, 0, 0, 0, 0, 0, 0, 0), 1): -0.010000000000000002
((1, 0, 0, 0, 0, 0, 1, 1, 0, 1, 0, 0, 4, 0, 0, 0), -1): 0.0
((1, 0, 0, 0, 0, 0, 1, 0, 1, 1, 0, 0, -1, 0, 0, 0), -1): 0.010000000000000002
((1, 1, 0, 0, 0, 0, 1, 0, 1, 0, 0, 0, -1, 0, 0, 0), -1): -0.010000000000000002
((2, 1, 0, 0, 0, 0, 0, 0, 1, 2, 0, 0, -1, 0, 0, 0), -1): 0.010000000000000002
((2, 1, 1, 0, 0, 0, 0, 0, 1, 1, 0, 0, -1, 0, 0, 0), -1): 0.010000000000000002
((2, 2, 1, 0, 0, 0, 0, 0, 1, 1, 0, 0, -1, 0, 0, 0), -1): -0.1
